then:0.2
now:0.142857142857
so:0.0857142857143
far:0.0571428571429
away:0.0571428571429
back:0.0571428571429
quickly:0.0571428571429
forward:0.0571428571429
soon:0.0571428571429
already:0.0285714285714
again:0.0285714285714
well:0.0285714285714
together:0.0285714285714
also:0.0285714285714
surely:0.0285714285714
greatly:0.0285714285714
forth:0.0285714285714
