said:0.0883720930233
come:0.046511627907
took:0.0372093023256
came:0.0372093023256
go:0.0279069767442
went:0.0279069767442
struck:0.0232558139535
stood:0.0232558139535
put:0.0232558139535
give:0.0232558139535
know:0.0186046511628
drew:0.0186046511628
spoke:0.0186046511628
heard:0.0186046511628
saw:0.0186046511628
killed:0.0139534883721
answered:0.0139534883721
kills:0.0139534883721
gathered:0.0139534883721
done:0.0139534883721
ran:0.0139534883721
defy:0.0139534883721
left:0.0139534883721
slung:0.0093023255814
kill:0.0093023255814
cut:0.0093023255814
rose:0.0093023255814
bear:0.0093023255814
fled:0.0093023255814
defied:0.0093023255814
clothed:0.0093023255814
see:0.0093023255814
living:0.0093023255814
deliver:0.0093023255814
let:0.0093023255814
named:0.0093023255814
followed:0.0093023255814
brought:0.0093023255814
tested:0.0093023255814
meet:0.0093023255814
encamped:0.0093023255814
take:0.0093023255814
delivered:0.0093023255814
fell:0.0093023255814
arose:0.0093023255814
saves:0.0046511627907
bring:0.0046511627907
shout:0.0046511627907
belongs:0.0046511627907
choose:0.0046511627907
advanced:0.0046511627907
sent:0.0046511627907
shepherd:0.0046511627907
returned:0.0046511627907
enrich:0.0046511627907
kindled:0.0046511627907
cursed:0.0046511627907
shouted:0.0046511627907
sank:0.0046511627907
talked:0.0046511627907
fail:0.0046511627907
chose:0.0046511627907
prevailed:0.0046511627907
approached:0.0046511627907
keep:0.0046511627907
stand:0.0046511627907
carry:0.0046511627907
armed:0.0046511627907
strapped:0.0046511627907
takes:0.0046511627907
shouting:0.0046511627907
bears:0.0046511627907
caught:0.0046511627907
going:0.0046511627907
turned:0.0046511627907
serve:0.0046511627907
repeated:0.0046511627907
parched:0.0046511627907
moved:0.0046511627907
weighed:0.0046511627907
seen:0.0046511627907
commanded:0.0046511627907
prevail:0.0046511627907
make:0.0046511627907
behold:0.0046511627907
dismayed:0.0046511627907
draw:0.0046511627907
used:0.0046511627907
tried:0.0046511627907
greeted:0.0046511627907
chasing:0.0046511627907
fighting:0.0046511627907
looked:0.0046511627907
pursued:0.0046511627907
wounded:0.0046511627907
